100
476672897658251
756646567935889
147254242340627
830835953881379
766633303147317
106552352708285
423859512001525
596969221903155
317674872100743
423978928488003
943366285479093
581372623622585
262114323203349
818985752739981
520155566819201
386151346204163
873855688537251
263103353186139
69412839700257
185052603822185
559404706322335
636934826097779
942991601305055
586004014233525
855696212871399
372383861229865
97361891913213
886228618495507
627751621493589
852818185960907
990322722829697
373739925417331
293363052604067
915416125723817
102304249435315
727914746545323
593278625240349
692132538018847
9191193345499
540592645463647
663053504688733
788678798988323
263733599000749
824638104005715
474128905605729
242441984878155
314078343766725
246611833026641
333402094163179
511982964538009
592129943041197
270681409323971
696847654696115
845824482073633
259574501710997
697800559767913
511942544294391
358701352887457
10653122212851
894841292014935
299150237054173
856927151612855
416497070349799
959424368929399
686318989801635
221652647073299
139982274295667
813293414628577
289528278195299
491092964029005
926805557926273
189022718579265
273003952842371
287306978252303
49193999428125
31127514913347
633855275915783
491684033698703
950414728578527
88668135158687
280453640810257
792041100445663
750279396251457
161927748895707
553038546474553
874918137181023
777494488191757
654418738166617
661039001536081
900150234235611
911728574251259
789097439033075
129676159360007
825814633475015
571410715327625
397927374636281
146566300083853
526811095391257
819415872401299
742041872267111
