3000
642947909530653
928781618382591
118147828737141
374093626740943
898541494310129
90731944165023
526802879303105
552390475700997
29189232042825
529128930699469
21194201060195
396491190537073
577594447012219
23776485564589
632469975576113
777887776192181
210124828020691
19893749036705
549393098206781
916020168751807
973918917879975
233280725211093
186226307641945
875107900744265
285694307933351
382498018654829
315142863867375
393156544750285
87844173814029
417880840216661
714063253136637
49713553845753
475291532869145
338859508498705
736400884510727
346678265078725
501392558489849
346713233911611
842940052951515
977974906783723
394127666213529
187221992967111
621377833151799
931055816344409
818453735838793
921951313522807
592350687521429
766922160447985
216853163046723
242675014152175
607804110237001
712663796459635
835483730514499
811060302935573
8972321180415
178991005574321
132521261705823
393530492575937
255574882743363
904578235385537
625341833383137
59381745024639
829133527931607
245764002004771
166378239480771
859504403894531
739997370814859
362567952831395
576142136337857
223830109356079
184203528319877
431126885057765
652012968679139
919581972069833
188331582866535
463996645203717
745328973802245
903315569381311
440362595956019
898672902487659
922335267330781
748477872394677
115511861133775
439351480436533
618163969499017
731750588903357
157835141556069
693399719093077
608379748969265
941784326185989
13411305933117
117909367068331
346501542361563
908079604756693
711252147856129
898513498583201
851882832912989
894713701099503
117582535238061
239824879998341
268742673362207
76279166879561
255023775950683
876971266817995
227206506375581
501827634480027
900763737202769
918668189205527
713708660364457
840341417290177
793087352003881
659548266907927
419843523059171
358530866853803
444610021417429
819547100930149
128424902208387
74159836059433
437630759751057
848240876109361
732651682243451
880991664676819
404291747568683
682455726434781
562442878667645
845660285186023
213029264667725
469758372155123
728451392470103
56910609232353
480826413102523
730171949106115
381525604323179
649917384982805
646279483200299
1569450250623
908987718552447
4783444936441
71546041378795
111538852716129
753033485500103
694906364077675
629042904293737
408907916693293
540084285029705
501768320785635
890939207895729
768237042696971
529770964804023
396572956425061
391439699394077
653073778719517
269509255037709
503707940242471
128122455756005
376444679163451
279724555802563
876067518880621
718786650492045
852075992498319
83655517907417
963290114494663
187425568291159
867286174391409
408833258923629
214963098710009
847295234526769
32023980851831
440018548880637
59088460404319
179264752916727
762526093923453
65202427485495
562291650714621
690293245549283
769451572438851
67852080667721
238644548212383
859115673795695
628111731765215
223123646023145
409162421021303
839403565699991
154596038979987
939379452297183
619303780243441
129163931192341
130056957383839
384751316674959
835185421795971
776276902794823
528909063161843
256231547646251
135442399114115
210678546947151
483530477068307
288896192489957
989608526143351
445768266199651
221783497959951
225733159959365
411290760208503
555088046467583
884308493865795
290593126718025
226527094405207
139559525265993
773492637617787
966643839937741
453260212436471
193187569422639
171199780427981
578445127492899
790857052862063
624977677993687
345064850029775
29597514928221
773674233337291
599003696891763
35957641003111
517806193806243
85117400264957
21134433423079
998634099133203
653359450808407
50761006670701
414419505634629
391170128608859
434572984253193
589842708054807
429176037252013
182439775185123
337317931752207
790322768484177
872116176963231
524892450422043
908049204975379
326142149505577
340849715519029
382418137598859
344943007929125
859118284980941
486299536967671
626882093659583
321706456081771
893270882537975
351187310467927
737152412005079
538205169215953
688711309159947
363933159953021
296345522733767
418114455067505
940080102714577
683261295247841
22118375446881
446824019581773
281575242237173
69774895317441
779273971153961
557019532862145
382436600941219
826745571299409
362630460054141
451704150452341
256405312379529
164384371569707
147906103965123
267735828529901
138667044120943
728953719085299
760783035538843
564889530312037
979436509001509
962238753263313
497963610512605
31249848278895
810244467566373
926093747760227
531525292678327
796650053120975
101667665996499
225001866506213
896759263719599
120594423844427
407063416631269
38575070953939
647818697042679
686069803890229
250544974651807
195322048725097
935868850805477
203340589293477
343692699163097
922356802405663
684022598810713
176091274937017
592773356526761
207101091958117
194943709996601
85164347741319
699985381371215
574989259597939
571302303324715
217309783109843
29983936739935
14806994379297
579774918731253
352953873584883
188031698766703
257807055857415
112607817492777
299499442746213
496929105406527
268096430370667
975912844343151
707645110809595
436657618867943
607514029844175
806579951652513
104481782774693
526380393792771
814825995305813
448253496224895
595928763461673
384895303451139
191086325291749
252440237705763
832894065021669
385331477049521
475678171591827
194572390838591
997065759356689
469985407685215
829118647251871
942613727300389
14265939793821
805837781407775
64641171518611
76161137122479
75949819729515
366586886724139
820769621821909
381924342691285
326295480769673
150051023436085
364560219590643
999163045186813
759391964716545
678539497827303
51554485750785
46321280090509
648040149793749
624091119925263
797905029011211
313282362541501
584681083009307
334348298087239
92771214589347
835458496927195
245959285486069
962078552434477
159105601609649
265132083728437
458262707823649
935349872700053
955544067114481
924123445449497
619457516069771
784126870608121
629928074716517
251290995508313
53606148608837
43478342343353
348008925574707
259261127409283
894614799511209
568041694868031
289592872931413
441117139446555
109075973939089
243855428629569
187740324319405
423407863309707
476181715847549
890383873583547
386004306236085
158109946093155
295121140738149
778165469264481
751645433861373
248518924784251
993153393927649
571566879444177
97594653763391
446897338020487
840591347034615
762067721544609
126306157438075
550337219599441
162235767468257
966426141519015
717098965414121
267116661625735
511232827576451
982055604758273
2809784185677
365462998236011
36759344165361
931803673973021
625988257268133
802417590825517
755941795579559
829015187137121
418897017429239
912481134541533
670382871974721
802202074481571
683511483388301
623642773480485
360605019040145
770906887230211
532384582588675
400835866498431
387268787407445
356352183881977
913732209723597
966840156937083
439643375840197
630046880362357
620731054287303
252682189373745
575332169708901
285752126626637
848990815183001
742751198455993
86582836536071
8156457707859
848595320177775
177749174014649
225555529666195
967088493537579
192933485441123
709553693273969
981497622372291
58118727258363
502783527983645
890578020841903
647634575488259
552053088324357
183754955689957
999444283660091
738886715045881
739413495874601
735568404710839
87819790988799
458815825778671
952144925873557
131508963159021
728890998079343
91012492457645
734878146748649
597651047413999
619054399552991
159330978493759
3875428203887
757314448030963
200611948725745
626304887849749
649520987345421
270727211878935
349038925350387
486026053389359
33299760351761
458925839177791
572236011521631
696746895056991
505089770001265
670362618088383
412371520079201
891298102104269
909609961835295
758446171666563
564294318571523
348772677529649
18030768275423
977004726566179
530134321357213
916309981333299
680761625631241
331961071640645
403135917893699
213789406557839
199453779816967
20688872474917
156062376370281
705417243665417
268582441830635
715854087488743
171996412705473
72302533471085
344332569035483
115529271344513
113596800821459
644681528222111
532287997730057
596661545108389
404122356333601
700553183457017
4796239051713
727533492847019
37939987998549
78410477692295
889324404566179
883068170712287
405086936547389
558619682930833
380079856216171
844078290229577
814209179347191
566453372282113
902176640882025
94713766533155
290321448388565
841082446709763
224772033902115
736665390900809
374267507862671
55924939015615
834375448542771
212337539903193
743915175241479
701810544004833
900098364515547
624425531047319
61988175515997
654482078216175
301398455048227
560065570014645
947597124876675
39117313911231
271615036308113
911498528003125
879879484198785
813108113595425
478081388248187
13397509661183
492215646498379
956436795325081
835026711011837
780019351835641
643550878175359
953599618634705
108116242318683
824399649149231
653345454161661
380951484291133
125057098173749
886479526610745
60505292147835
889536502868417
177910822155915
77179299478133
996209670357097
435773969026093
336279587783071
475022233822421
745209771254803
492812560750465
702507439390847
709110373293909
162497781007347
393472234514343
274150448802255
97827410986237
634491712106261
702745624453425
633436900732063
309641526000655
763716880264463
344020724902819
470835346076197
13665868426499
906838974061315
819480359584917
928283431330317
32007838117207
839391200280341
659957538202807
339114829222857
195614525518087
704398787516911
938534586476983
829487091530463
56403787878955
758244654643707
188022266147457
169366025945579
961195408549483
604639867068613
85693401355731
134331367410009
496955058253097
658249956512485
886048711599673
383821312196985
145161535702237
292172984414639
910207027067453
94881302200863
707503606457489
926876453129173
407792332224073
135483273332149
523610644783353
179810350044445
82446301243939
794969813538749
912323572362193
843912913679681
895860678328225
957807970704559
558129329670353
86997097922929
196517404677473
972093222515343
121547298078759
887937712273591
386664484192891
763152132465045
759856540032347
238567463443935
549031119643045
621584609666865
851297056836975
712913189158129
852970142134721
632606095954431
612383850306337
938809222110259
593952362460217
424647457315103
123742966759953
663135769219969
796276660716003
59510612507651
624058212042465
955338929691167
760897105554733
172054895335825
407598649374361
599927931058249
949627248256969
258504888345675
186267303168167
616683134867107
437115224734149
516694581462365
901704246902905
913045669220875
895241961993453
329772519935961
139838414088669
93670804046945
627371444613405
317722057240833
90559330414537
474087529966417
385263039045765
70912955172019
533438576269525
426447459742057
229473793293479
408763426860861
603332857543541
538828290900045
673745852354013
77794151189823
453762535704401
119539784305895
741342447029553
603033651313005
989389992378881
674524889293231
333761358284233
309714519276821
942682247456355
81143402135353
442783783125627
135519407029221
948371358830551
404103264344013
309965282005667
730150103362125
568533771372841
507993350259927
232505382382655
840049064024895
835649444503911
270888102761889
751722140069955
133783738569723
192039456730931
542077326882895
680225066144079
236432135739741
247202188851781
396090501801631
554017812773941
643588951561559
928609797543867
679916284995919
297287021700111
217760096060131
125233227060631
247764515666095
413910197682953
768116972150627
620524282956089
532440995111413
215539266911547
543083140920375
788823041374547
795769434189959
540515348779035
616911475255993
358956463656395
278534695028235
900835571709571
51373669759993
509601737733289
504554577473087
494100233582727
38928326859321
760993526622055
967067888746145
685835700906415
95558991097285
936612376517247
895953179759651
81154788202011
614333438048973
694021027216317
410672940224011
380509526814559
319468702891003
83455434852065
549315322578195
956164782863797
560128409526467
517022044529345
405818630030735
460431174922485
811804389852491
985441398648385
814176362198311
853706280360801
452642472765637
430874046995805
991204280817959
47623065807845
391466544865237
955196636331797
790280389353071
348259137977769
584022371470527
39840138651997
833337103194031
142974110473235
365813142227649
919424874501855
30238060682513
326193256051175
261124325364433
847128212350909
383153781784517
571787617799967
60550058334001
40775756594831
838922753923863
372788908904213
922585004756415
663365715213635
372913929187889
65941266052733
554848025731647
616761228442841
616853535621085
320409171048375
142346214543189
900791429222505
825263960166873
957201390370249
595238647219075
685952564360917
144261683746757
942919459200761
100597568705069
651098368812791
139907754489301
453336673600285
461007424595883
239912661053589
709169653485267
8911839120387
733710423084053
274786858914833
611672535707381
787552175406119
543174395417081
257966495675189
850130555024967
526513773798031
496783798683959
466638665329587
152542765734761
917839037481045
111298028824673
627274063026463
822382742755729
524395260818391
89276839144969
132564210468645
956329988258075
415190331939077
63319353949315
944114694052429
466881548413405
994194473752615
786956371728033
85198518764345
859133833924539
127812572109353
310431896266219
126300515264445
256342733633577
324633567799117
361334442116291
908095491063861
605407953063915
963750989407235
744624441210397
2741650254541
674406256566077
714984702352001
112948087261563
45243411304807
946877873335093
537153740636823
643018157210381
691925331265039
546944943275287
28462341246577
329407426229913
982435308983937
536088870234023
173372401070709
563813459231349
472168818921031
488503741992963
71922175960783
555093716169263
296606483600569
623278499649393
262594871859927
130890270705195
698298119067913
584255320550151
152312027712469
111727135327383
129368734235049
525015738907919
464643776834325
935906746150585
512640311292803
251527895359237
841320167164369
437104136140649
307874657304119
878067774249895
369557345044541
339678543553779
28694988750493
32105390870339
968756679768575
963853170668211
767278947934099
202444657197735
658593209362105
943638289299265
80047934556475
423971262104271
724006924310807
852050222926443
6558753573657
766584862573875
498753749506421
153795252185689
495470086369019
1980200909419
566652296395133
241177493711377
933639715586977
872064534715699
87752741077353
793158260597175
738230605525601
576535263133517
559523713133803
987270075281119
764766570886007
186547658104563
167189880517919
484703370856345
539762609221155
344698743782827
381944751080913
500194962790005
317231205263089
374048042344275
212663735058741
28180647055229
865817577794141
769832888012991
104673911241063
797805327707357
879929628534281
304764111219937
710219117674949
435215102632775
199024798116263
146768344746563
846869457310141
340688110639547
795988537007817
246400520808883
131850527074627
210691175713251
274984051022727
21750515847001
790464736629123
558521537106799
69732885819411
895256713875359
346192869274555
612110301009445
574250458376939
825641381956265
61603651510161
580382706293193
416649382465599
942431077105433
862156281285737
915597538681699
857642831604993
818760078428675
690015003572539
148807876609993
810114787499203
672718368746199
495163652851807
451071065796899
290853907021153
693937775052239
778656074262247
966530611725633
825570541009457
176925821796069
376971549282457
201121266798379
968164305650705
482408381442605
482570034383155
500777172455593
479004664338061
876032815989711
595003756849505
897004324000201
490993230157539
746059311061331
920551327794945
55338623606631
172469626132447
900484731853303
135159785980243
115073143782639
558294403684653
687781118894059
781819028214285
716540133902733
845803661296249
26193332244475
852660030223705
507695534415321
666775158414615
964897571114307
211704156291067
886184649846931
374840743253137
943098927621933
173565384799359
595470542424677
434958041412387
228335304573415
862664808746419
690717070740541
552299429701755
702076057578477
245054667875717
518064245197681
99143767470089
153222713798103
917330508736953
674151562462743
339637011623877
576543774365617
867354233929783
571042487002685
545725925881591
394914758721257
922778233786075
983254593108807
479014995583237
836496909119055
268742358386879
886965076887163
415302809515697
132521148726601
195555182377715
624358224967277
242783201664457
616690742730149
154920764397501
409352524746681
461153580652637
768497285881215
929472453342683
734598088596635
681694384891947
560817939744585
545675058543069
8837340049079
86262039180261
311709895995827
314933254339101
687151062362233
301552005030441
705651468215093
532674595061727
428277919427215
103819336464899
930666982536489
567624415009303
340986892435413
251879310142209
610066252359531
546491809459613
815957851213631
937789501759267
994381017110705
104974790445491
970730132802781
716436886726849
513813744351367
989790314296195
336176401582463
4258611684013
397563506037155
521047754826649
4775427109903
464632671100923
426899136637111
483640028385471
902830794400027
942323392204163
798076293057799
984146479674507
784566372400281
80211756382811
140689834038841
87415167493121
570514913191375
50690697563615
984124129866549
441860489955047
884809292607185
510702240477107
439389599011661
282797371217865
831442220981129
56697498703293
789053952129349
296099376238815
713575778435967
65543040642221
787964916221221
458299566898313
155715035666091
148584137381455
559753671098307
821915264143855
283090623270555
965011301197215
64008197171893
825499457925899
670462005350715
623705141069109
70833292343635
957456709354047
911974315683395
770952159447987
625308005847821
490025967668921
925441538006097
650807330759675
229357839556099
875010706993823
436911824568357
635151921190645
266921138026929
394903323643809
238308713607755
915453625471069
851701845801857
76974552240887
56450107748749
644351035021183
347081907033247
133676441692417
107705189687505
757951958696891
604549945561223
947476361728073
263446920251603
694118001457725
372102160760523
702700576628625
368098831382603
904260377881559
471604195185743
253976262470895
246595168164737
657754588993097
86776943968675
149826161171901
347019892071617
623850089953003
497840639232381
321140301399563
977593604096709
815717330611151
923687666763099
51721235451751
153326091303769
350717469051867
538741436822869
381703615647777
146109306395813
913525908275703
786109668497155
7635138485001
164036638922129
612548078569037
950986706511347
579752800801375
952924719588161
163024870586139
983968878266249
52675065714455
584613200290683
602863524215995
2753926334813
98455336641113
319041140055089
358501701156677
596910276340987
103059181139907
886131366200755
334810612392475
501951215946761
959130464333799
553146163268677
441654119372683
227932465084003
825196252974099
617499668759523
683382421784293
447718593531537
256398161715617
430905688582295
415910526953765
922689330131483
833877392507861
148383383712247
334569168438471
837414806324513
645943341711719
630909696457627
933168767578901
776647779411851
924398749792523
195834800608403
430324843326687
868920410204053
69127117705679
501747591630879
334922406888801
846488402940463
50943813690115
158307977162333
525996312972295
11023097298073
162750526749793
425447042769799
324293954412805
256276145938471
639769441586607
641731181676457
504584357154927
673562373363083
875260135372265
187286700065849
974184454244777
764902985850021
825190295209279
12136018525629
45708086749983
349296601204409
988521449664321
918279022014881
886868922393087
311958991716023
897844443696161
811666951358105
304717588686095
89101291716569
496195325018069
291994762537215
143975119527957
484652823386827
421776281324127
21276477496693
438067732019077
180201413403871
524234194896051
402592103045549
638049359937083
592157165047611
949314086062367
639386981084061
287568651382433
335484006976935
926810592149885
942400539382781
605490333356127
83536271085703
182571949971779
577625547591133
124044725386837
150252556914891
294269744538667
928557125024951
531632740927635
610398608334579
432205486807137
410838190717435
203435809522889
283878432398323
482764741742671
648700201752245
685950521474087
887857223744295
693788090372741
284318007686921
514187059125345
267462681953977
70683102272733
597424481100977
653800154950441
32728222662767
646752600771807
790787715117167
12003346799857
897061115530711
473281162384267
807017657616515
562412497386051
631190700913417
647034969439239
979382658110443
962982430668385
691400095676071
53635162849201
216338695846493
730336414673927
898501324257143
849429045574219
97762239026641
529519090629627
638720841144849
531287867405591
455767608291335
50255663200043
266427175336175
518860529983897
191307800484085
383306570281813
668856510560347
687757864827259
267169146491321
765756524900509
176494052032715
513924565201959
912879331372009
606249570035443
423099061529175
535563107883559
7072239466207
802792520783649
429973843315665
599725541881759
714290766859383
23315931787239
74797426176077
777403061539509
512158554202379
869962204714975
664796634242063
221986977174525
178059721872399
858588612128995
801098251093571
630786478452211
716403470289071
736619623626263
775894137385939
848889469844851
14737893221551
809262108290911
501526347962811
411397692275185
633021836425029
773082852632525
507231931056651
116193333587905
685431360616701
333684886080291
193145160908481
599081818907189
364372520166563
889184081675157
577955325329195
327851276023451
69593439156175
161190062069881
598953293401427
169916574801343
124793629672637
714845517481995
196819546822759
634534482499647
33839339354055
341858502139077
724158910982637
4965302539419
994679578946469
11506958591275
196550830223407
783690676325775
917933482725501
529066906121929
527056044647743
525264260912475
474425737748333
117980277388141
417505875768233
260683146786679
79140083404857
8876085574915
935919149384217
155921771794689
746891670930829
141039686467733
575198159833291
653493973914109
78592656588317
429159195335285
619289151165063
293095216784035
729734574962291
975129928065167
66045472482661
449099571417709
897807382380899
190286912494283
957813849650025
622684205935285
903547185224761
258068344565053
863907194573583
266476445309303
736742778865125
763986410274387
774032777067273
783024105937141
47869901245967
316641487745151
482631047826191
648098638364741
552145937143377
324856113815015
398666280036617
475776687949763
530555840513645
290674710379547
573573944608571
29226741030845
603320685726783
127409618413277
487343331779169
158623473542757
212028034094815
274945802088235
597894646133929
839339823293599
203128376403267
649821168003425
462853438378243
689635914066493
420813268717487
278622276369993
418467737418113
292582243522555
987544016756675
210080399492631
46855424909047
646038631663041
85624235831297
70462889141971
820907155602939
106281524011341
286511640752613
728021882484167
392077500776403
500381707020473
262621367977837
583459545816137
288655732959261
595274800658183
539943850717181
223936096020935
973912510302117
580164352793625
394921124838875
243740226017121
326831263668327
13532649257859
669060059612565
372693369442971
162892401169421
699888317666355
602551797392161
741102153659997
493757309288723
565159210503625
160702766841297
742622641132377
394096632044287
890169129368985
685764780125017
757021997736095
597570830770835
854238043612669
711788057070403
983639884938423
923292605499249
727944638806991
258804903115231
460747450650157
138358038256293
846495842016631
640345209756971
29991894759239
814978323476145
865972054974673
609145193284577
760020129943611
269580390158343
792262354000523
381440344758711
837116208708447
506405177902871
444554022868693
995209108420679
159100720171351
500088530728655
376669719238615
414425462821695
750074259866511
470796963458331
779415871372709
253117920329589
847234217613675
393380177396439
370507264533825
288637673815385
812847796810025
238332784051171
9694212796825
479393206570231
993690458430803
483610253364187
475067892942629
877571911973151
546929804208305
888871838661907
699888935473301
118624013333019
465443368731879
813245207612491
890481307948317
495817996142735
438375400774221
956339911634303
910463896483423
239683081797225
917472853195613
29029626912297
179513303843739
378752194016781
624729011751185
675298777373269
240647123007367
753936343317049
803656051166277
535297338887553
804633004152725
269319236196027
728222099443491
938886185595109
801158275343767
209446135330859
299268017827189
231653170281409
712699751070729
512457425207339
7416357970327
7677838760013
597614425372913
226144648117489
281854568401305
509201074985043
300064960352115
161127347280155
366419376813735
838455886936275
998813287294835
627826410656773
353892330291205
595486100503675
256066659329793
723698034909847
308974124972373
25552000548727
730706697034449
638966777206243
284904087203791
58086575128673
183042521886737
353296577601645
617902681990497
44462936781193
260349685621843
709618042515025
304531627489017
964080693142393
768202861367611
130869241719119
851524047489485
264604182470377
56497863764225
697129752346911
17736624344459
622994288756479
388593943169961
31531728798831
277386760719209
462964895445025
713066928091269
428285329073157
103338172430983
434285290467087
122475618662051
419636630835905
306986409132099
791471082736513
600649217842391
421552866407125
157979702981155
994740188770991
7891223482735
297147516485729
178185056717309
864281180690671
121007012368545
959367548826071
25828081381277
408973729507183
411801641224911
928370645262913
614753651532915
405362391000299
411939028681927
512797201470453
63681938061433
529898646513881
692024396639443
817277537549277
463833766441103
153549994085835
602938170091903
771592867230629
749151191242081
650032819260961
585854636830947
548943153469583
258815875510595
375904106085803
86148197816015
712142829421225
98184893024285
621683087355531
237777299517013
118239899144335
500460037614615
763090776840139
679860055988255
165995844261991
18471607976415
935716564987605
902965287107479
475616963864295
264331355597605
721268575485651
545226942804629
967198602802365
480034466060217
512379958610039
217899052963599
833967983419255
634297192421057
800218337338225
113172033063037
518768823453963
493192236925427
665527456938861
677826986021457
132539358727163
37589459905287
382972810083973
318549472466703
949126671387851
251068919414653
265899668715345
83572742416667
777320014118329
986809715254649
937372306746197
141223338147257
933526065914157
910630220202305
891996941655031
260911059985693
201188970683125
873092324575657
351961968759183
576438532166229
895957460537471
749883101192041
380631823847483
229326946943473
643318362545273
747939616752649
945380077086795
97631604673253
934420418525967
901543513768723
707528651602561
722320118772695
235451786433019
19099229764811
147525460964363
667709218401505
122220270244557
279412085707879
814851260169073
549103596543913
1868112568465
877118457995911
162770571619941
325109253511597
182583822823011
218586598682677
466323855232241
163062351947327
94532359927187
282633299270843
814342789211325
580682461124849
88081922456107
997408241444599
275950359010389
996718195283623
464912655989509
497783808024261
792585254218877
566282636147837
115169761551579
162076617464189
615251309886507
71805227934457
354077813990187
1803667489125
435928989737413
54900822192267
529721918428557
756826079786861
669137567163163
279413173446739
315116000983711
282760032369775
472277557712285
891270453682269
946105998635931
773829835085869
1647852036651
731713517422395
219216289694805
811559540667301
904279953406397
957900691431921
810399359778919
335578114769411
145675859168595
320435967044911
550129586534593
456532442613895
230015700028461
65206498988599
6320936564253
603648878361929
969965421650131
745080208263303
159683500218485
205415385836053
916095566198385
505618031112601
869246533225461
299828936940527
664261671498905
267908518727853
986974057905215
402871795210561
245518696825463
848645395618281
228001719706819
81123659843091
667657325289637
258989463136135
378107154975591
886617560485321
126499997210053
458872682918039
481097783664045
688904079872057
839684102188131
205698110310465
966513824534635
230632803265087
723442965828719
276810977625459
278749340577173
901472758729031
837940957051209
702807228772639
980285189520579
861543394933711
418960259064889
767948746189347
853571724994285
466625180789727
764633004011255
566304548879547
521515269823603
765912517503893
458586465536571
831197910991359
407513823971473
274296201883005
272821728645785
178707484055251
128112303088677
526677546030201
594222924397685
858009984877021
96650881380997
151772910609579
739889956364769
977959462497051
813194124344499
516805670140203
703230870218077
743314160175143
342709373063855
417804037871059
600951526796081
206938197242531
746496918102009
578184975866121
939149969979449
635515204922591
289565169554171
631880764704223
849918060524551
141630850838523
737564889782457
463011907361921
780023663039301
43865508209453
21205647767505
645977079470167
661306770627869
481761670254503
612909129125299
667486876260961
980978477873619
312968311288753
975877756049319
371580063773983
171504782257489
349453009036237
190946681295609
851756684332849
367414271798519
277748730300571
571445441794203
948292754433435
484294250474679
546592790240313
241811265361821
667478508844807
291060142415065
290350073446647
611304868545335
355371591067723
843670500120995
224902475140997
593069048538837
195526068358219
176111900920833
285281260400531
581414799194877
912406282059839
377057197961469
20709960404259
580027097913407
973509502138565
81333962151953
592220400452477
691886899048979
427777681729029
852382705589013
829943205932909
656941731732609
389857698926153
186221391805607
569977625275637
197704827541545
452253119376409
946018844582043
647721654415377
661027225927955
74841989493183
808796904119853
987778203591247
478318957626401
133393862018567
966099541402325
826453469709825
966830986521247
328214179235481
636630540768903
349053808497557
775977221078619
846428086637189
82397346697713
91009991074897
490475667539457
355609473409871
767331333064825
161073586482781
266746691965373
791923812510127
151740801943569
456758477522515
407514679183797
719263540252101
723381806758781
866768539476725
329258237710769
845219273561853
490270167079595
365928315240411
98701541110705
618044446805205
763450640806429
585838436960633
860249602629039
577801562580769
613216522726881
997138561616249
327735451252139
883242981777609
526182781410993
781541434131545
484154306216359
468772002519705
767422417192369
952529847806093
190078665127735
598853783526293
534965593519259
127417490977041
185475604020307
115979304780535
657268007642801
182745003751845
831407660129519
49442577222835
413089842691257
859341498938775
224985912393527
920023787817121
612476150103467
977279842868895
415696100821323
570360231140697
550742706203821
752985195023539
78868522617285
497283494712347
305011448546077
236968093030121
682124578447185
933547588245501
791785358339121
735155898265643
333156073301951
57020805595987
505756628416963
810003285593931
965175474549179
228314963540905
937079482149053
794680300242495
466900784788837
954671248500547
235414563534377
717669410361849
305241659069189
908500718860811
232602028307927
559083037047573
361894339349223
660669529024945
501772190410083
271675135654375
694453960014467
10260252291619
729208158408885
977542365243955
83769443478473
925680412710133
197698750651657
572048814329653
131609849019855
555018001923103
554886251834891
446096979423871
536637205834617
256586275634915
121179622324597
677985688007895
174001616681737
292448018638409
862934972205223
154785856988675
619676554425595
114071156173213
149845972613453
731711239323113
136625424627521
785027079525897
243924159122313
368718931189329
2443941478529
113185455735551
405213691107381
296365145008607
193832419101047
841427710419613
484597733057031
413373750665321
376495229374299
991023304642255
326460709130967
319383357814743
184422846060123
141352953139789
468616108851139
101063047752527
978697104227679
597962067625337
132407311361815
126908046055057
794060767517137
958782643745367
734231430843287
439567655701361
219902658357991
352033175003773
850925381415859
459860375694925
866308508400033
625319445189171
988860482644815
798031758927837
908492612493735
118599405676945
632587203830087
343685183207213
844577242602077
447938262393023
214445833414817
636161691583929
875649448312733
996197702546051
536136696092541
966947848445751
402740593782145
748677589558889
545603741329869
43838991469247
756625935571935
206321267374831
761145112321551
760697812295219
181272642409841
67182692070099
654812326283731
724047723192853
257477008979815
561040671603907
181682097946309
910892775866343
534000353426971
650776479906323
506520696556049
114121995717403
320971543298167
604533941588567
646906269467663
114764669334601
3134184312005
450736850969417
290919627637623
846030391493837
96653704388265
340211041339891
141854681615705
954793749383581
532605295865359
125604439140249
210174481447289
998264568632635
307629541242511
783205572322825
901808129490541
560879185681057
175607325994853
450735004902433
257995771969059
372469023887275
268776040525267
431653922282793
286500382455653
469330480329163
3130918510073
433631531719195
580824345320571
275389105025053
783654115365707
847217120896249
882592310516539
240097253269151
712137777399559
660071670901549
326232438677329
745552234344487
338363457366331
824836181482705
484388415003195
16704486320863
215886856749393
119103021742463
880266655542279
904507736297635
741521944588481
840809970652651
594710882449835
666799819104787
474847481414137
253287929498465
614724923219773
243354494952903
45540383219137
892302939952265
264562243039931
675372996972083
13265931680501
416503133941787
252930629510391
703893177004653
910039826160623
446775387090803
296729184329297
674619617914243
575483610018039
756709657751373
723978510693143
924089610227093
267172629709381
939053010611293
533237716620067
207186872027317
225530959041225
291776788831409
590703871155635
914002855576359
326076087810625
554889706853177
360932076298745
114934316887143
647723968564501
381990953059707
873169220386019
319076172533333
973832316688633
311933391587377
357177054413995
639269418370041
834603531880641
423743784231205
915233682130195
751139212340149
33069245635803
592704363863235
352050793051549
9807834218415
221696240610055
509449377572517
7999885246505
341724725815463
693815500264391
315661669675221
710964037273321
736990967944771
542786487824257
343334355954697
527607102786153
929148119633389
225150299023581
267661283776003
227546243491483
7751282905681
802252951381769
663109582526279
142272224629431
760683582719831
256945102322181
124733052870583
346831271052515
175683813687919
497266284890103
467108165882519
593086626689329
383019571962537
16330452019645
259015930523609
224471138826591
933788991317435
595052638889909
925401181284675
696849074532547
83843547050735
269229174744335
771101144689237
482800822554367
201167028583591
312958704199805
428197938366859
976677667698401
434868752539483
878287040191303
408012790877231
583947224959265
320355560033395
435586181991903
101914186108179
161213566359125
159510582300121
368969095639867
854864829152497
407064724476433
218663851018611
21632096491127
29573274734125
752858202679005
41987297317023
879516212346157
167989551845873
31139405417691
807622047733653
125271749440295
833856514146123
161034186006675
306700144458917
719701016109177
596246294054425
371023518674781
659552430929225
589379052520159
165065924214977
509491126992559
552218112602919
368533521684915
251807782479069
742146578245217
672416735939101
151512947178043
107379563550053
866503128493077
328696300585513
955740483241805
356404405572493
81851233758085
395275241524767
451532999114281
139258397339721
664822078155949
346924607610803
67190966144077
652221398206561
977440395656761
953814886634727
678347956334765
718702143765761
358505155826477
264348609816689
609126430832275
577032295556287
418507669069893
329858637945825
618059664293437
403441051208321
899404151205805
219592840973593
99442400608707
661322132152949
147195825086865
917377440323617
37314874832065
780241474194583
150865224031387
982841898011941
652276904767575
1408517507411
186078507889951
566486926414891
576652512005677
712311301788531
470247050068309
313093328137733
524646303804635
22382305949219
360401221578665
27452472452753
4044179271315
835309000261007
981445465457667
496990220043757
426722080949483
84982980047505
985122498597049
944066843498995
18469077056245
455916357618123
114398048121795
93882981229301
400114594381561
716204292297439
291277261267853
22612286513809
224363327860251
31716628075559
688892704026351
831692947002889
358596284884933
360539061841219
478261925292569
300798438983713
842219331566251
332973220545685
73404029006675
733636568218805
558025826400135
167905231570531
40144445803469
197295443293305
625861848474859
754430807046845
815869114984455
566015419684871
602792021595851
476967352328185
305807685579651
281688684249405
964417744638411
686358374837047
24646759744101
516776362495049
33512212366103
470720064567949
563469062716565
796032258622849
884177211765711
288849666184965
154897935986097
724787181290241
557657664205303
459778327256239
675281873059423
93603171758253
29718276134201
918524862604019
37519725180199
493596685464405
984956249170841
370620893224427
447492548428517
739702188791439
534170516641361
29396125087213
729254034107509
551709587754225
158828517520339
487847735438487
463275213807423
964767419677187
60247595332165
587193492896259
142546491069485
663367256553485
501377765900309
820730915220983
303229929624087
613502393111529
699556509387893
368745383976979
241018348329555
643561257807291
297905254360787
329979977514865
479972390207817
417167229524863
241736400846675
989264159208135
686263734974263
805954765400189
290404249074955
833131128864687
791745148853621
379307624210847
591576127488219
697318464512763
296761990479725
986105240224713
915238539501905
630258269274267
214567810777407
380987729345787
339793056110085
313607035026955
452535958358737
406147636105975
769456926123327
342710121745391
285603889701647
101373533173445
573040720880521
795719629187083
767390369075623
408706108163805
254453928085947
109853560807235
875051438397153
176052478070161
278922996932917
175454087717119
85388718244347
502974873945993
239977584767505
920593316365451
836586572183615
352737604804581
430590518393323
633975018131965
817111199944623
778718350435057
999623683171559
924346633532723
551362955894283
725772404350205
643390537767057
688201222120657
888495381037115
632234323949929
409476621582401
949727412507207
110621668235299
580219845284295
256081793175829
834160136239439
118686898031533
18261158870991
993535178880705
809961008387399
210083858560459
588597999068149
760698141068993
40192381549241
292945479562661
928946832870865
561858642907767
833399697650461
757232422345301
119069243102603
351484504195651
735170577974193
304530687741127
850827946043919
16309073161681
925228430072277
112410682349023
221301844819863
219023087790403
139994353092839
737148857585425
259595758175541
545334473678719
249203592189921
832636210962851
687011382963635
875172900783445
43464844722147
362035946750545
244961920634577
915575179508245
71240899365517
297298155208439
893268776262967
353856941237845
925355901311483
533835403189495
897479840800863
760734239409973
295726696346251
532031059741907
43535594508577
725887590863707
963716722896569
465923618227549
883314160066899
52733752701903
267514533154579
379963402033795
199710328991981
527219305846275
476536573599149
984481499928753
170357883530767
790286500818867
853333092920673
760850692765361
61555274821083
586840906155305
713841699468781
407701666779391
959842323099689
680136813314449
233963178577893
177669927501519
92155653124415
237003663106233
20223520420733
90012642119473
673575415548741
596678986209191
423850392315561
18091965666569
808813169685199
666256676105437
967026337526783
812389090581919
123615053397193
146525385156171
433630787066569
151969602609703
349228073814789
820224519062215
632623538905047
232699684183395
286695036162931
993474303457349
337151230387345
322993422126815
582034996291901
912562409578341
623787707040297
784339321339321
757305500242569
136273397191659
796626593678467
297630901454335
416968215649389
537119411499075
760969138753677
446867284302573
507607343160061
861458529064973
269856059667375
244119823218513
35990057801833
162344464695771
239348251710157
103647011742315
828068842935625
783073754693255
171427386996735
664939247703473
899640394399003
200837356222349
424566562390725
99793616287205
409924737747887
416589680181729
310900447432575
281985265618263
533838949621367
255450418437265
523041177441261
231224422119149
720435554157801
268540058349629
35555291405959
157160343484683
891928346583447
429902605265401
24204180731343
188088620868337
214989010230351
765836696406433
651149275986505
957773128176527
389167322364755
198669686849767
752110591530433
384075674477659
630092296416057
70909823005959
349928782761929
584235720126835
683484430159879
372162011905567
243329617668371
44806310395639
512443210932611
891814444144059
436294824891765
641218774849819
312450397452523
859304296816951
751424926235209
192745804337481
701171363789073
819882731799781
141912944276065
521297397066675
810437922522923
672921087592211
661608761283339
985675424689687
562301934926467
684894276648835
914739879267741
517690895818955
388453602946015
258586509251129
351673634586713
875599946656023
752312781901697
202846300928425
319121333882261
522334182202321
863681522373659
914777735122017
481881617289991
748090676609583
656863383821409
482816684543701
830751086588861
224121930257451
433776267494225
894328416638391
558468139132835
251368605458187
168514397067821
549341605789341
35241580145635
489007916733343
623051723792721
958488462017095
151328785098411
167579097474565
729749407849961
176423158332191
15830294629137
198071304389585
321922536883325
575946129428645
646326776893977
212305404137161
130329790538587
858710477616749
873068546996919
47861314946979
422013833222171
7787778035089
632293920099519
101371258601499
160762976249717
459104044828037
129052911901759
735889352140289
21888217923641
797845247609551
835348143739261
729901703990449
102944615528657
101582747203461
288591027612729
728710811843627
618640903795091
911045925629759
996156630434745
381220502945253
297400841283941
779569473236863
995930436480485
387437294292583
993208713453097
998818317968805
432921845270157
702066189479571
264540111402491
171359177082847
350916579707235
42114328628341
897054038666151
962873740063813
452731091716099
525660536036835
632991025739909
708127884303165
207431609851023
363517507978123
64372895834765
10830315942611
476260632982835
571917606636125
147776482549785
601433487048309
83625900802707
389528975756729
129948066503817
44652093688917
978399240554957
39078231481209
912031931857823
517650514804309
281339440975795
876939043609437
59691525134037
288542442367165
501945482866137
110345363313805
973843153027795
32375611253629
705732500933531
757438957828061
468687875033241
532705906012967
306536175506997
488984508397391
328191932610529
395012915505183
280854460571189
264668724996127
369387730440133
950879842704121
237513304710147
277663400928279
635076298104513
575586298014959
573904335803001
841466187550531
214426821518575
89303918062523
936109964222619
720889384966469
437083934457769
143958548595847
436842290238523
520377687498057
778040885381517
613983169735903
84815686845329
590522373149655
721986120997491
916986485418499
791886604012071
735278226427137
803221604473077
65567099137243
430323449601283
41104835456487
419733492426965
51643394540703
890780805914541
831318584334525
570967308979627
832984813831967
373165233475201
354979723333013
807609668764493
600818404826151
26778816871987
864820326211387
86065135013079
841493452446549
593555187296957
456695639515631
378347323223261
112071832560657
847653157183587
283286590511165
247965371068983
923928363245153
856899452340331
253416814254327
217032649814763
205633115499811
521060794405531
86620637364799
700439623583807
994984260383921
740148809844307
153362150523513
382090570053345
238509199647217
392254003975499
347928146715031
454234365179291
303693286741625
350124281066557
337168002536121
919967803977559
976497730030771
509922636344221
853327804691305
477871766123087
188007475720383
457506074925889
853232076567795
480561310075417
16207785889631
798688047956267
290164972105515
631882954093183
677558927726633
621158751392777
645673508191923
336948136776883
981692515761923
131016781134321
141023552323035
461651895302795
970714822724083
478996801217575
936005954581927
329165178193363
272436713533379
793006182980767
561006996203817
293294683215033
221391026065431
174243965061405
852950752214985
342548286890893
666827320916737
939615769521719
152802836091019
866535523275137
162391312341395
589960346437359
722143200182829
113729018927563
144097150765787
787684554904869
685486791430201
961497856381205
615067777491793
97748458152563
923601637101125
880059616539103
914659238922373
240920899000929
876928334600583
44956582768315
910628281075665
642850751443229
493932810331133
157326758743733
448487892395609
570977483835465
609749560845763
569280099929999
693626085363849
940036533827235
894774507915499
878094668245947
209060010071577
445024188262131
529816707062457
459107268074955
406118718798475
615591079079941
238783089951607
935671029951439
428378145568329
303962811284445
961469090297655
166758461119937
41501664596685
563604900543393
762773559800961
390237319460147
828505247493993
589543912975183
515166664789753
71839531423119
607146642267225
896989997274471
701201006686127
889300695696369
296716837146603
999116229585397
601221055867325
145488990295623
481638713686737
429406522788329
465955874180583
235485525635473
969266326922143
237064286604275
681764811961923
214686511900163
945555120795841
167022923450547
764035609193051
867644239577759
895042973821199
208081936638405
970588369464997
504489820215829
156143867538405
943318197050187
367916202009597
327748717730565
456629646926289
451998783947403
444374962713627
127015415857831
442837368246351
392268666825109
177669029753897
539997786250583
914542074242747
504074314642879
42068702689311
480219806026601
565672625025471
414589322985515
65579990187885
721060391286333
269436495227493
806904322325339
711731903700035
318293679483127
812256070042495
718132213024773
235400380813741
431453556334497
350952539029481
185494167915133
869556521240107
17881963404243
459658770782613
751952802116183
740828417103315
481943467494655
160825885537147
103999654569557
776594898707957
763576449949381
453246971582175
51144797743585
718891081223189
259651560505541
352725750331709
573316219632273
660798332172549
925610482333333
572516971793959
308888004046251
60460085239331
226144468719713
693691944067849
170651253761357
402495008916619
92503636880337
599283318213297
479961893218825
748514526391601
349992687749725
399698995061925
155782593332505
870229680361109
16267449962161
958943905718997
181151137426197
727308442448981
949931558491509
560504500716631
731267494837109
3181156166559
241932387439075
105497939475729
55144405982703
374334240612441
61669891285197
174408878433109
199474906008039
247486565305173
404919596593009
870866970642791
487288377018089
450945505582091
600094581740475
577243287523309
861932063934549
798678938564071
6339800759773
369534498379557
178805506759465
918738588753735
318121861101925
768407537308783
886927120344703
903608201922821
